function C = spectral(N)
% SPECTRAL colormap varying from red > white > blue

values = [
0.61960784 0.00392157 0.25882353
0.62806613 0.01330258 0.26082276
0.63652441 0.02268358 0.26282199
0.64498270 0.03206459 0.26482122
0.65344098 0.04144560 0.26682045
0.66189927 0.05082661 0.26881968
0.67035755 0.06020761 0.27081892
0.67881584 0.06958862 0.27281815
0.68727413 0.07896963 0.27481738
0.69573241 0.08835063 0.27681661
0.70419070 0.09773164 0.27881584
0.71264898 0.10711265 0.28081507
0.72110727 0.11649366 0.28281430
0.72956555 0.12587466 0.28481353
0.73802384 0.13525567 0.28681276
0.74648212 0.14463668 0.28881200
0.75494041 0.15401769 0.29081123
0.76339869 0.16339869 0.29281046
0.77185698 0.17277970 0.29480969
0.78031526 0.18216071 0.29680892
0.78877355 0.19154171 0.29880815
0.79723183 0.20092272 0.30080738
0.80569012 0.21030373 0.30280661
0.81414840 0.21968474 0.30480584
0.82260669 0.22906574 0.30680507
0.83106498 0.23844675 0.30880431
0.83767782 0.24675125 0.30888120
0.84244521 0.25397924 0.30703576
0.84721261 0.26120723 0.30519031
0.85198001 0.26843522 0.30334487
0.85674740 0.27566321 0.30149942
0.86151480 0.28289120 0.29965398
0.86628220 0.29011918 0.29780854
0.87104960 0.29734717 0.29596309
0.87581699 0.30457516 0.29411765
0.88058439 0.31180315 0.29227220
0.88535179 0.31903114 0.29042676
0.89011918 0.32625913 0.28858131
0.89488658 0.33348712 0.28673587
0.89965398 0.34071511 0.28489043
0.90442138 0.34794310 0.28304498
0.90918877 0.35517109 0.28119954
0.91395617 0.36239908 0.27935409
0.91872357 0.36962707 0.27750865
0.92349097 0.37685506 0.27566321
0.92825836 0.38408304 0.27381776
0.93302576 0.39131103 0.27197232
0.93779316 0.39853902 0.27012687
0.94256055 0.40576701 0.26828143
0.94732795 0.41299500 0.26643599
0.95209535 0.42022299 0.26459054
0.95686275 0.42745098 0.26274510
0.95824683 0.43744714 0.26735871
0.95963091 0.44744329 0.27197232
0.96101499 0.45743945 0.27658593
0.96239908 0.46743560 0.28119954
0.96378316 0.47743176 0.28581315
0.96516724 0.48742791 0.29042676
0.96655133 0.49742407 0.29504037
0.96793541 0.50742022 0.29965398
0.96931949 0.51741638 0.30426759
0.97070358 0.52741253 0.30888120
0.97208766 0.53740869 0.31349481
0.97347174 0.54740484 0.31810842
0.97485582 0.55740100 0.32272203
0.97623991 0.56739715 0.32733564
0.97762399 0.57739331 0.33194925
0.97900807 0.58738947 0.33656286
0.98039216 0.59738562 0.34117647
0.98177624 0.60738178 0.34579008
0.98316032 0.61737793 0.35040369
0.98454441 0.62737409 0.35501730
0.98592849 0.63737024 0.35963091
0.98731257 0.64736640 0.36424452
0.98869666 0.65736255 0.36885813
0.99008074 0.66735871 0.37347174
0.99146482 0.67735486 0.37808535
0.99223376 0.68619762 0.38362168
0.99238754 0.69388697 0.39008074
0.99254133 0.70157632 0.39653979
0.99269512 0.70926567 0.40299885
0.99284890 0.71695502 0.40945790
0.99300269 0.72464437 0.41591696
0.99315648 0.73233372 0.42237601
0.99331027 0.74002307 0.42883506
0.99346405 0.74771242 0.43529412
0.99361784 0.75540177 0.44175317
0.99377163 0.76309112 0.44821223
0.99392541 0.77078047 0.45467128
0.99407920 0.77846982 0.46113033
0.99423299 0.78615917 0.46758939
0.99438677 0.79384852 0.47404844
0.99454056 0.80153787 0.48050750
0.99469435 0.80922722 0.48696655
0.99484814 0.81691657 0.49342561
0.99500192 0.82460592 0.49988466
0.99515571 0.83229527 0.50634371
0.99530950 0.83998462 0.51280277
0.99546328 0.84767397 0.51926182
0.99561707 0.85536332 0.52572088
0.99577086 0.86305267 0.53217993
0.99592464 0.87074202 0.53863899
0.99607843 0.87843137 0.54509804
0.99623222 0.88319877 0.55309496
0.99638601 0.88796617 0.56109189
0.99653979 0.89273356 0.56908881
0.99669358 0.89750096 0.57708574
0.99684737 0.90226836 0.58508266
0.99700115 0.90703576 0.59307958
0.99715494 0.91180315 0.60107651
0.99730873 0.91657055 0.60907343
0.99746251 0.92133795 0.61707036
0.99761630 0.92610534 0.62506728
0.99777009 0.93087274 0.63306421
0.99792388 0.93564014 0.64106113
0.99807766 0.94040754 0.64905805
0.99823145 0.94517493 0.65705498
0.99838524 0.94994233 0.66505190
0.99853902 0.95470973 0.67304883
0.99869281 0.95947712 0.68104575
0.99884660 0.96424452 0.68904268
0.99900038 0.96901192 0.69703960
0.99915417 0.97377932 0.70503652
0.99930796 0.97854671 0.71303345
0.99946175 0.98331411 0.72103037
0.99961553 0.98808151 0.72902730
0.99976932 0.99284890 0.73702422
0.99992311 0.99761630 0.74502115
0.99807766 0.99923106 0.74602076
0.99423299 0.99769319 0.74002307
0.99038831 0.99615532 0.73402537
0.98654364 0.99461745 0.72802768
0.98269896 0.99307958 0.72202999
0.97885429 0.99154171 0.71603230
0.97500961 0.99000384 0.71003460
0.97116494 0.98846597 0.70403691
0.96732026 0.98692810 0.69803922
0.96347559 0.98539023 0.69204152
0.95963091 0.98385236 0.68604383
0.95578624 0.98231449 0.68004614
0.95194156 0.98077662 0.67404844
0.94809689 0.97923875 0.66805075
0.94425221 0.97770088 0.66205306
0.94040754 0.97616301 0.65605536
0.93656286 0.97462514 0.65005767
0.93271819 0.97308727 0.64405998
0.92887351 0.97154940 0.63806228
0.92502884 0.97001153 0.63206459
0.92118416 0.96847366 0.62606690
0.91733948 0.96693579 0.62006920
0.91349481 0.96539792 0.61407151
0.90965013 0.96386005 0.60807382
0.90580546 0.96232218 0.60207612
0.90196078 0.96078431 0.59607843
0.89288735 0.95709343 0.59792388
0.88381392 0.95340254 0.59976932
0.87474048 0.94971165 0.60161476
0.86566705 0.94602076 0.60346021
0.85659362 0.94232987 0.60530565
0.84752018 0.93863899 0.60715110
0.83844675 0.93494810 0.60899654
0.82937332 0.93125721 0.61084198
0.82029988 0.92756632 0.61268743
0.81122645 0.92387543 0.61453287
0.80215302 0.92018454 0.61637832
0.79307958 0.91649366 0.61822376
0.78400615 0.91280277 0.62006920
0.77493272 0.90911188 0.62191465
0.76585928 0.90542099 0.62376009
0.75678585 0.90173010 0.62560554
0.74771242 0.89803922 0.62745098
0.73863899 0.89434833 0.62929642
0.72956555 0.89065744 0.63114187
0.72049212 0.88696655 0.63298731
0.71141869 0.88327566 0.63483276
0.70234525 0.87958478 0.63667820
0.69327182 0.87589389 0.63852364
0.68419839 0.87220300 0.64036909
0.67512495 0.86851211 0.64221453
0.66528258 0.86459054 0.64321415
0.65467128 0.86043829 0.64336794
0.64405998 0.85628604 0.64352172
0.63344867 0.85213379 0.64367551
0.62283737 0.84798155 0.64382930
0.61222607 0.84382930 0.64398308
0.60161476 0.83967705 0.64413687
0.59100346 0.83552480 0.64429066
0.58039216 0.83137255 0.64444444
0.56978085 0.82722030 0.64459823
0.55916955 0.82306805 0.64475202
0.54855825 0.81891580 0.64490581
0.53794694 0.81476355 0.64505959
0.52733564 0.81061130 0.64521338
0.51672434 0.80645905 0.64536717
0.50611303 0.80230681 0.64552095
0.49550173 0.79815456 0.64567474
0.48489043 0.79400231 0.64582853
0.47427912 0.78985006 0.64598231
0.46366782 0.78569781 0.64613610
0.45305652 0.78154556 0.64628989
0.44244521 0.77739331 0.64644368
0.43183391 0.77324106 0.64659746
0.42122261 0.76908881 0.64675125
0.41061130 0.76493656 0.64690504
0.40000000 0.76078431 0.64705882
0.39200308 0.75186467 0.65074971
0.38400615 0.74294502 0.65444060
0.37600923 0.73402537 0.65813149
0.36801230 0.72510573 0.66182238
0.36001538 0.71618608 0.66551326
0.35201845 0.70726644 0.66920415
0.34402153 0.69834679 0.67289504
0.33602461 0.68942714 0.67658593
0.32802768 0.68050750 0.68027682
0.32003076 0.67158785 0.68396770
0.31203383 0.66266820 0.68765859
0.30403691 0.65374856 0.69134948
0.29603998 0.64482891 0.69504037
0.28804306 0.63590927 0.69873126
0.28004614 0.62698962 0.70242215
0.27204921 0.61806997 0.70611303
0.26405229 0.60915033 0.70980392
0.25605536 0.60023068 0.71349481
0.24805844 0.59131103 0.71718570
0.24006151 0.58239139 0.72087659
0.23206459 0.57347174 0.72456747
0.22406767 0.56455210 0.72825836
0.21607074 0.55563245 0.73194925
0.20807382 0.54671280 0.73564014
0.20007689 0.53779316 0.73933103
0.19946175 0.52895040 0.73910035
0.20622837 0.52018454 0.73494810
